version https://git-lfs.github.com/spec/v1
oid sha256:177502b17a87b2c940ddc2c853dfeb8f1cc3ea312d21f91d538ee4cb3a8f314b
size 157184421
