Feature	lfc_group1g2	lfc_group1g3	lfc_group1g4	se_group1g2	se_group1g3	se_group1g4	W	p_val	q_val	diff_abn	passed_ss
s__Streptococcus_mitis	0.241207255075958	0.241207255162998	0.241207255210587	0.378447466760765	0.368979757212341	0.468322883991093	0.241207255210587	0.786	0.973945945945946	FALSE	TRUE
s__Streptococcus_salivarius	-1.3392350037066e-09	-0.221708025037745	-0.221708025356316	0.457648493977161	0.423421891148128	0.540570270544092	0.221708025356316	0.884	0.973945945945946	FALSE	TRUE
s__Streptococcus_parasanguinis	0.142742062955025	0.142742062984122	0.148748604082288	0.377470658414817	0.334217639743636	0.420339583371126	0.148748604082288	0.91	0.973945945945946	FALSE	TRUE
s__sp.	0.117348217908993	0.117348217939934	0.118246020421021	0.2909430091869	0.260120491697114	0.340315106271261	0.118246020421021	0.914	0.973945945945946	FALSE	TRUE
s__Streptococcus_oralis	0.216848194114412	0.216848194153199	0.245481166213073	0.362614247386429	0.356441343899498	0.44455106440655	0.245481166213073	0.746	0.973945945945946	FALSE	TRUE
s__Rothia_mucilaginosa	0.083924152836278	0.0839241529109176	0.126768834844448	0.353137759117294	0.325401705536504	0.400265596925714	0.126768834844448	0.919	0.973945945945946	FALSE	TRUE
s__Neisseria_mucosa	1.24084142947852e-11	-0.25937957687832	-0.259379578288799	0.532758516180772	0.519979675079246	0.572449561111895	0.259379578288799	0.836	0.973945945945946	FALSE	TRUE
s__Haemophilus_parainfluenzae	0.254906135412986	0.254906135470941	0.254906136680965	0.44951527458386	0.427606647316403	0.513338238742801	0.254906136680965	0.802	0.973945945945946	FALSE	TRUE
s__Neisseria_sicca	0.300551325159337	0.300551325179497	0.30055132522827	0.532732973787438	0.490086606147447	0.642072871435612	0.30055132522827	0.815	0.973945945945946	FALSE	TRUE
s__sp._1	0.193120079249883	0.225134648246468	0.228893977742482	0.290085757576319	0.260997800664234	0.345652555336954	0.228893977742482	0.661	0.973945945945946	FALSE	TRUE
s__Streptococcus_infantis	-8.04389082065049e-11	-0.123332849267738	-0.313428368352108	0.314850710341368	0.282542312170924	0.368224232445443	0.313428368352108	0.496	0.973945945945946	FALSE	TRUE
s__Schaalia_odontolytica	-0.0792159139638775	-0.183694007186087	-0.379879217810702	0.393092800519783	0.35528750862696	0.481295197213813	0.379879217810702	0.554	0.973945945945946	FALSE	TRUE
s__Prevotella_melaninogenica	0.290243494875016	0.7534669507903	0.770611183535629	0.448892684482072	0.425706801142235	0.536858004282982	0.770611183535629	0.184	0.973945945945946	FALSE	TRUE
s__sp._2	1.38861019004156e-10	1.83499351641543e-10	0.344751388653503	0.331561147772422	0.305461882645361	0.367261843067246	0.344751388653503	0.426	0.973945945945946	FALSE	TRUE
s__Actinomyces_sp._ICM47	0.23414809144331	0.265120733726339	0.293278855237758	0.50105758519901	0.477063363656783	0.616260466150652	0.293278855237758	0.815	0.973945945945946	FALSE	TRUE
s__Gemella_haemolysans	-1.21490725047798e-09	-0.0233077866034501	-0.200553478633711	0.504005668142928	0.441618588895374	0.582779752011494	0.200553478633711	0.901	0.973945945945946	FALSE	TRUE
s__Streptococcus_sanguinis	-3.44001732083742e-10	-0.409553204479439	-0.702041186321178	0.401198849654482	0.38931229514572	0.46003449509084	0.702041186321178	0.121	0.9317	FALSE	TRUE
s__Actinomyces_graevenitzii	2.7074801808041e-11	0.146664360940845	0.447895778830912	0.491875733819467	0.47023034321309	0.593733380478013	0.447895778830912	0.557	0.973945945945946	FALSE	TRUE
s__Streptococcus_pseudopneumoniae	0.193583497712977	0.19358349780602	0.193583498052129	0.308278421618511	0.280824344269523	0.362204268321242	0.193583498052129	0.737	0.973945945945946	FALSE	FALSE
s__Streptococcus_sp._263_SSPC	0.406639679613769	0.406639679651322	0.406639679774118	0.404991257841067	0.355041875086583	0.449612563669458	0.406639679774118	0.455	0.973945945945946	FALSE	TRUE
s__Veillonella_atypica	2.26138550264913e-11	0.371396205671938	0.58185273507468	0.498402943175376	0.4664023287574	0.61389398011487	0.58185273507468	0.45	0.973945945945946	FALSE	TRUE
s__Haemophilus_parahaemolyticus	-5.4804687267656e-11	-0.692323756651393	-0.733598377824159	0.603827091527076	0.548170674258071	0.743958327234124	0.733598377824159	0.405	0.973945945945946	FALSE	TRUE
s__Prevotella_histicola	2.65938362057761e-11	0.758960912581098	1.24588372938991	0.542447175408052	0.492171114944662	0.621905010109134	1.24588372938991	0.048	0.528	FALSE	TRUE
s__Streptococcus_cristatus	-0.029753129385254	-0.0297531295390392	-0.14620823485105	0.426051061037929	0.412698702491372	0.493037201020681	0.14620823485105	0.926	0.973945945945946	FALSE	TRUE
s__Streptococcus_pneumoniae	0.157410356663739	0.157410356610854	0.15741035645436	0.326556383147349	0.300983183075561	0.390597532989067	0.15741035645436	0.876	0.973945945945946	FALSE	TRUE
s__Neisseria_subflava	0.351474654419864	0.351474654450403	0.351474654604434	0.540285859931291	0.498452327104656	0.63075321393492	0.351474654604434	0.741	0.973945945945946	FALSE	TRUE
s__Streptococcus_australis	-1.05485570834423e-11	-0.303123886879349	-0.50344211274613	0.39608703959997	0.358488457473886	0.460175853227117	0.50344211274613	0.321	0.973945945945946	FALSE	TRUE
s__Veillonella_dispar	3.37716583759753e-11	0.320839318289577	0.338948975108064	0.434357648179723	0.395104556660313	0.522405190012706	0.338948975108064	0.659	0.973945945945946	FALSE	TRUE
s__Gemella_sanguinis	5.89578805941915e-11	-0.196104003331351	-0.628144402872126	0.431565448410276	0.40281389300628	0.564954988764763	0.628144402872126	0.318	0.973945945945946	FALSE	TRUE
s__Haemophilus_haemolyticus	-2.14568904933806e-10	-0.151124959689231	-0.567810120066329	0.441359675071835	0.43513420843115	0.531962655728136	0.567810120066329	0.353	0.973945945945946	FALSE	TRUE
s__Streptococcus_sp._oral_taxon_431	-7.46569788735603e-11	-0.0660849023101154	-0.364886140502775	0.31467077905211	0.28207776693249	0.378539195241883	0.364886140502775	0.413	0.973945945945946	FALSE	FALSE
s__Streptococcus_rubneri	3.39512701825459e-12	-0.260344544034125	-0.881523591865597	0.415319093410292	0.388382337671007	0.471486228032006	0.881523591865597	0.07	0.693	FALSE	TRUE
s__Streptococcus_vestibularis	0.203430975839148	0.203430975897391	0.227785683231727	0.477097148866111	0.415241329785069	0.519058908994692	0.227785683231727	0.844	0.973945945945946	FALSE	TRUE
s__Streptococcus_sp._M334	1.01229656245142e-10	0.440751271104325	0.517380103346457	0.502089183963221	0.45746528324331	0.56142469478363	0.517380103346457	0.456	0.973945945945946	FALSE	TRUE
s__Prevotella_pallens	0.314900762639362	0.529915319115502	0.65929149959454	0.481833188264604	0.439408008251916	0.521180888173782	0.65929149959454	0.242	0.973945945945946	FALSE	TRUE
s__Lancefieldella_parvula	3.47062153462082e-10	0.0664825406408843	0.552239030401887	0.510111549878443	0.476839916666786	0.576267150909196	0.552239030401887	0.439	0.973945945945946	FALSE	TRUE
s__Prevotella_jejuni	7.88350915676492e-11	0.490058576886854	0.490058577262984	0.464777945872266	0.399979916910821	0.501089911919834	0.490058577262984	0.391	0.973945945945946	FALSE	TRUE
s__Streptococcus_gordonii	-0.059134304513103	-0.196526088496108	-0.452328489459655	0.394541111147242	0.354960313327847	0.424418856431486	0.452328489459655	0.336	0.973945945945946	FALSE	TRUE
s__Granulicatella_adiacens	0.297489473218834	0.297489473255604	0.297489473273166	0.363171418668967	0.3355369191888	0.438430365478316	0.297489473273166	0.604	0.973945945945946	FALSE	TRUE
s__Actinomyces_bouchesdurhonensis	-4.45255172869596e-12	-0.175817737211552	-0.175817737480557	0.404336142117391	0.369189450746247	0.429339724081039	0.175817737480557	0.858	0.973945945945946	FALSE	TRUE
s__Veillonella_parvula	5.71718291118686e-12	0.197784327297317	0.197784327341487	0.426693129615141	0.368088159477654	0.46431438021144	0.197784327341487	0.849	0.973945945945946	FALSE	TRUE
s__Veillonella_rogosae	-2.16245132598787e-10	-0.000865480772326926	-0.194343028623725	0.365525169393933	0.342163296599939	0.456231136729238	0.194343028623725	0.848	0.973945945945946	FALSE	TRUE
s__Actinomyces_oris	-0.179628716102636	-0.220833613522829	-0.220833613629934	0.524858349328026	0.498148971496473	0.630020529548851	0.220833613629934	0.908	0.973945945945946	FALSE	TRUE
s__Haemophilus_sputorum	-2.06086263521718e-10	-0.313792873311846	-0.567787010481697	0.528967624884439	0.455906301809999	0.56106039454529	0.567787010481697	0.384	0.973945945945946	FALSE	TRUE
s__sp._3	3.40838284359725e-11	9.61122867759634e-11	0.18012796458855	0.295597704759457	0.274863106281649	0.421861825153741	0.18012796458855	0.861	0.973945945945946	FALSE	TRUE
s__Rothia_sp._HMSC065C12	0.1150110523326	0.237083948256814	0.237083948640212	0.414626159651312	0.351317745499801	0.434346911514333	0.237083948640212	0.748	0.973945945945946	FALSE	TRUE
s__Streptococcus_sp._HSISS2	9.39834682243406e-11	1.27216154704208e-10	0.637180311132536	0.44734795692333	0.451085465499747	0.585016487064811	0.637180311132536	0.338	0.973945945945946	FALSE	TRUE
s__Rothia_dentocariosa	-3.76272248615483e-10	-0.179331835276558	-0.179331835661626	0.539038005905196	0.516699966564554	0.617721702485084	0.179331835661626	0.949	0.975333333333333	FALSE	TRUE
s__Streptococcus_timonensis	3.64187212788957e-11	-0.0716509641545197	-0.307510344889645	0.388871203532987	0.354598960546627	0.441643545100777	0.307510344889645	0.621	0.973945945945946	FALSE	TRUE
s__Lautropia_mirabilis	-2.56275884404759e-10	-0.75874623377551	-1.47613083996058	0.611764661035442	0.571235992275225	0.631060497430922	1.47613083996058	0.02	0.385	FALSE	TRUE
s__Streptococcus_sp._HMSC067H01	-6.12784815891594e-12	-7.92834201866064e-10	-0.345261253844397	0.327822848763107	0.289540688003825	0.384332059260237	0.345261253844397	0.465	0.973945945945946	FALSE	FALSE
s__Streptococcus_sp._Marseille_Q3533	2.06670615744869e-10	-0.220683203489668	-0.547634546118243	0.398675303507905	0.353084435351286	0.458459186136597	0.547634546118243	0.24	0.973945945945946	FALSE	TRUE
s__Rothia_sp._HMSC072B04	-3.16749867878178e-11	-0.107394592604699	-0.107394593443575	0.389037860876121	0.347740777879349	0.432009652975396	0.107394593443575	0.957	0.976013245033113	FALSE	TRUE
s__Veillonella_tobetsuensis	-0.250259215092138	-0.250259215851289	-0.250259216575825	0.374393329526816	0.342416461555069	0.466791653940109	0.250259216575825	0.76	0.973945945945946	FALSE	FALSE
s__Alloprevotella_tannerae	0.494557159937739	0.571253347289883	0.571253348249374	0.511699902362995	0.448934534887209	0.656466008173148	0.571253348249374	0.476	0.973945945945946	FALSE	TRUE
s__sp._4	1.28177999631687e-11	6.20840624095573e-10	0.297729981663484	0.334667335430834	0.316632024861992	0.424225112389882	0.297729981663484	0.62	0.973945945945946	FALSE	TRUE
s__Neisseria_sp._HMSC071A01	-1.1523148697876e-10	-0.176689380002736	-0.347107451620051	0.465097442713418	0.415581221422902	0.53717044687049	0.347107451620051	0.677	0.973945945945946	FALSE	TRUE
s__Megasphaera_micronuciformis	-0.931530200314695	-0.931530200328159	-1.00541918674561	0.508331274437841	0.463436498459163	0.601525332274046	1.00541918674561	0.099	0.847	FALSE	TRUE
s__Neisseria_meningitidis	0.36525590389898	0.365255903905275	0.36525590463488	0.458585903027828	0.431396738522706	0.511282905773855	0.36525590463488	0.609	0.973945945945946	FALSE	TRUE
s__Alloprevotella_sp._oral_taxon_473	-0.0833876756772242	-0.303884097379163	-0.321978193290221	0.514129718272	0.46481633192008	0.578694661489335	0.321978193290221	0.731	0.973945945945946	FALSE	TRUE
s__Prevotella_salivae	9.1845233586996e-12	0.212719544277671	0.247533130158933	0.462012655298332	0.395622988523279	0.51496656458818	0.247533130158933	0.812	0.973945945945946	FALSE	TRUE
s__Streptococcus_sp._UMB0029	-0.105096997353404	-0.105096997365865	-0.243059754122281	0.427025106281947	0.383662384016611	0.490724583333243	0.243059754122281	0.788	0.973945945945946	FALSE	TRUE
s__Solobacterium_moorei	0.154985876184409	0.227963559432515	0.569033861797316	0.409789150884046	0.402712014324851	0.514829740909865	0.569033861797316	0.341	0.973945945945946	FALSE	TRUE
s__sp._5	0.503256522276242	0.503256522417004	0.503256526888709	0.420422645156999	0.441554034330203	0.496588093393149	0.503256526888709	0.388	0.973945945945946	FALSE	TRUE
s__Peptostreptococcus_stomatis	0.378602754332422	0.378602754491268	0.378602755517857	0.452155878815291	0.435356404169246	0.517869074318328	0.378602755517857	0.603	0.973945945945946	FALSE	TRUE
s__Veillonella_nakazawae	1.58947592177426e-12	0.185089790359312	0.414214543983973	0.418152802424539	0.376470948410329	0.49291608046486	0.414214543983973	0.514	0.973945945945946	FALSE	TRUE
s__Streptococcus_sp._F0442	6.35666008308335e-11	-0.0267979843065949	-0.285046384884936	0.364186171123109	0.340187982987165	0.411786720199548	0.285046384884936	0.625	0.973945945945946	FALSE	TRUE
s__Streptococcus_sp._HPH0090	-1.01154704581056e-10	-0.128627866488497	-0.211977570686281	0.362004260161668	0.331707517056425	0.416134575265691	0.211977570686281	0.803	0.973945945945946	FALSE	TRUE
s__Prevotella_intermedia	2.03260074348895e-11	0.0101150374325632	0.238505007761799	0.464578050762341	0.423217517380945	0.515654855431989	0.238505007761799	0.821	0.973945945945946	FALSE	TRUE
s__Rothia_aeria	2.90333200782833e-12	-0.228680875376886	-0.366356216266293	0.451293259415135	0.449470501608984	0.550668384702746	0.366356216266293	0.663	0.973945945945946	FALSE	FALSE
s__Streptococcus_sp._HMSC034E03	-3.47215788908074e-11	-0.0665825651816312	-0.194387815333059	0.319850850184259	0.283153853935843	0.371544662779726	0.194387815333059	0.785	0.973945945945946	FALSE	FALSE
s__Streptococcus_anginosus	0.0492489436108722	0.0492489434362621	0.129528709994448	0.370406296406225	0.337836987352638	0.425486083174399	0.129528709994448	0.936	0.973945945945946	FALSE	TRUE
s__Veillonella_sp._oral_taxon_158	-5.65028710755017e-10	-0.0349815987925045	-0.227169183603459	0.357668149022374	0.332849759176884	0.449788444641656	0.227169183603459	0.799	0.973945945945946	FALSE	FALSE
s__Streptococcus_sp._XMC	-1.2285888089464e-10	-0.131195239100396	-0.131195283678514	0.408389943819922	0.381592376739475	0.483410543088575	0.131195283678514	0.95	0.975333333333333	FALSE	TRUE
s__Rothia_sp._HMSC062F03	5.99109290160182e-11	0.019888240247332	0.519877870448633	0.480932725138394	0.450989299638001	0.561382322283232	0.519877870448633	0.436	0.973945945945946	FALSE	TRUE
s__Actinomyces_sp._ICM58	1.62937503723314e-10	2.00593110246146e-10	0.148739576629014	0.394049742721352	0.345020360007902	0.441731427616995	0.148739576629014	0.917	0.973945945945946	FALSE	TRUE
s__Leptotrichia_wadei	-7.60211954010665e-11	-0.0849857059345607	-0.241821457907141	0.495399578345819	0.455279419128951	0.565980732325408	0.241821457907141	0.864	0.973945945945946	FALSE	TRUE
s__Mogibacterium_diversum	0.0282184302926503	0.0282184303134826	0.230201406582796	0.394839383370596	0.366854249234224	0.484030532509291	0.230201406582796	0.807	0.973945945945946	FALSE	TRUE
s__Actinomyces_sp._oral_taxon_172	2.85410011270721e-10	2.34697182782358e-09	0.0854083011442063	0.377046765280257	0.340641452891172	0.442589436497955	0.0854083011442063	0.974	0.98237908496732	FALSE	TRUE
s__Porphyromonas_somerae	0.351814916674474	0.351814916607138	0.351814916687114	0.494557953173201	0.433602702178734	0.558164924750319	0.351814916687114	0.666	0.973945945945946	FALSE	TRUE
s__Porphyromonas_sp._oral_taxon_279	-0.109769066381925	-0.380843994942486	-0.760045012214433	0.484591023949172	0.42724393491684	0.594365265223487	0.760045012214433	0.214	0.973945945945946	FALSE	TRUE
s__sp._6	2.0427905621638e-11	-0.201581981744117	-0.30781063176433	0.367182338816864	0.349751064462194	0.415084131970839	0.30781063176433	0.593	0.973945945945946	FALSE	TRUE
s__Porphyromonas_bobii	-4.54743408731821e-10	-0.446599464219146	-0.587948115882542	0.437574829164676	0.381333764072769	0.543386091655958	0.587948115882542	0.338	0.973945945945946	FALSE	TRUE
s__Neisseria_flavescens	3.41061678848769e-11	-0.330550458200467	-0.332226076837229	0.454608863224438	0.442608649550674	0.541049140578687	0.332226076837229	0.704	0.973945945945946	FALSE	TRUE
s__Rothia_sp._HMSC072E10	3.1948003358558e-11	3.40824136830895e-10	0.43745475206357	0.451565115589106	0.439888585259886	0.570568687010683	0.43745475206357	0.556	0.973945945945946	FALSE	TRUE
s__Candidatus_Nanosynbacter_sp._HMT_352	-0.197764762323074	-0.811774855577504	-1.50768308916433	0.373515083129687	0.364137615163257	0.490950549676236	1.50768308916433	0.003	0.231	FALSE	TRUE
s__Parvimonas_micra	-8.77458863705485e-11	-0.375449967597387	-0.375449967702201	0.482550569476051	0.430547432978813	0.571529750115211	0.375449967702201	0.677	0.973945945945946	FALSE	TRUE
s__Prevotella_vespertina	-1.33535709010472e-11	3.4385689614696e-11	0.576455549801701	0.473617638448602	0.43402200946427	0.505515258451019	0.576455549801701	0.308	0.973945945945946	FALSE	TRUE
s__Porphyromonas_sp._KLE_1280	0.254500480658331	0.254500480616036	0.254500480622883	0.460230180270259	0.430759844584597	0.522313742811418	0.254500480622883	0.789	0.973945945945946	FALSE	TRUE
s__Prevotella_nanceiensis	-0.350646189342885	-0.350646189657002	-0.350646189905461	0.423627110459088	0.391506809593044	0.461070755479956	0.350646189905461	0.574	0.973945945945946	FALSE	TRUE
s__Fusobacterium_pseudoperiodonticum	-3.51158564450069e-10	-3.66965478084343e-10	-0.954132489439794	0.481760860220279	0.406693029446461	0.526209287366778	0.954132489439794	0.072	0.693	FALSE	TRUE
s__Streptococcus_sp._HMSC074B11	0.384025000625921	0.384025000600345	0.384025000723728	0.333226321286644	0.297299297702752	0.402810652949398	0.384025000723728	0.414	0.973945945945946	FALSE	TRUE
s__Abiotrophia_sp._HMSC24B09	-0.232866469879091	-0.232866469977736	-0.232866470842849	0.487721479756162	0.469851666029798	0.624274701578908	0.232866470842849	0.893	0.973945945945946	FALSE	TRUE
s__Streptococcus_sp._SK140	0.259742282183689	0.259742282133699	0.25974228318351	0.343039387096444	0.311000779499963	0.410282598541509	0.25974228318351	0.674	0.973945945945946	FALSE	TRUE
s__Prevotella_sp._oral_taxon_306	7.69306646469646e-11	5.87493515243197e-10	0.313333802354865	0.473849512935719	0.435391996923167	0.529674167348888	0.313333802354865	0.712	0.973945945945946	FALSE	TRUE
s__Neisseria_sp._oral_taxon_014	-1.67761003071656e-10	-0.176933698659305	-0.282449648251782	0.488350142859339	0.443035833939881	0.56424614339587	0.282449648251782	0.803	0.973945945945946	FALSE	TRUE
s__Streptococcus_sp._HMSC061D10	0.317148732052625	0.317148732007675	0.317148732248219	0.344770917696205	0.297045273251725	0.398254520305204	0.317148732248219	0.545	0.973945945945946	FALSE	FALSE
s__Veillonella_sp._S13053_19	1.74687393598727e-11	-3.87910561080467e-11	-0.200980833314562	0.344622849941391	0.326608648412369	0.434088202120834	0.200980833314562	0.81	0.973945945945946	FALSE	TRUE
s__Haemophilus_influenzae	0.254642258400469	0.254642258345564	0.254642259578521	0.401340538092114	0.375143064858386	0.464696248166508	0.254642259578521	0.756	0.973945945945946	FALSE	TRUE
s__Streptococcus_sp._HMSC056C01	2.12836220476541e-11	-0.100123361381443	-0.217129158199444	0.334275805192536	0.308058354682574	0.403085271437593	0.217129158199444	0.741	0.973945945945946	FALSE	TRUE
s__Lachnoanaerobaculum_saburreum	0.13103190614601	0.131031906237757	0.289361949598609	0.395308603401667	0.348830233717043	0.424124623176187	0.289361949598609	0.634	0.973945945945946	FALSE	TRUE
s__Leptotrichia_sp._oral_taxon_218	-0.216933331976652	-0.419477478469354	-0.835742821619285	0.44660230278469	0.383457458610669	0.51418370357621	0.835742821619285	0.115	0.9317	FALSE	TRUE
s__sp._7	0.0580127777843551	0.354229503798774	0.477996586676929	0.373382505693571	0.352140051007978	0.417547037260207	0.477996586676929	0.299	0.973945945945946	FALSE	TRUE
s__Alloprevotella_rava	-1.17054530780621e-11	-2.62385958508117e-11	-0.460071462467935	0.434996419346049	0.42737615527535	0.540720936268879	0.460071462467935	0.476	0.973945945945946	FALSE	TRUE
s__Haemophilus_paraphrohaemolyticus	-1.76548124112221e-10	-0.591574905732315	-0.591574911966275	0.496404034399927	0.465561165228028	0.622838012368598	0.591574911966275	0.439	0.973945945945946	FALSE	TRUE
s__Streptococcus_sp._1001283B150225_161107_H12	-7.36195219835266e-13	-0.363211131808034	-0.634481748414506	0.425511503937213	0.371795375848451	0.454218293204089	0.634481748414506	0.18	0.973945945945946	FALSE	TRUE
s__Actinomyces_naeslundii	-0.279899344319006	-0.279899344343661	-0.801238621661055	0.484712311639825	0.44030698054501	0.570215223418353	0.801238621661055	0.166	0.973945945945946	FALSE	TRUE
s__Schaalia_sp._ORNL0103	0.146330436656939	0.146330440210412	0.441184329306316	0.366019756768943	0.32618005776425	0.450364156523282	0.441184329306316	0.413	0.973945945945946	FALSE	TRUE
s__Streptococcus_sp._Marseille_Q6470	-2.6106827990865e-11	-0.0445941324414909	-0.338467131184042	0.322667969447694	0.289107518372915	0.382074905705035	0.338467131184042	0.472	0.973945945945946	FALSE	TRUE
s__Streptococcus_sp._343_SSPC	-1.27012212493872e-12	-0.305135811569805	-0.336169039877132	0.416918231977244	0.388601817968776	0.486165892279388	0.336169039877132	0.643	0.973945945945946	FALSE	TRUE
s__Porphyromonas_pasteri	-3.43945302230021e-10	-0.457324744906925	-0.457324745535869	0.438958385444283	0.398921399584056	0.513930520028181	0.457324745535869	0.467	0.973945945945946	FALSE	TRUE
s__Porphyromonas_endodontalis	1.034566760368	1.03456676425467	1.03456676435109	0.493412634222881	0.432218909153979	0.574486474533326	1.03456676435109	0.08	0.724705882352941	FALSE	TRUE
s__Campylobacter_concisus	-0.166668394029327	-0.541708094100147	-0.541708094122489	0.432384706554339	0.390995430329642	0.516559565743307	0.541708094122489	0.318	0.973945945945946	FALSE	TRUE
s__Leptotrichia_sp._oral_taxon_417	-0.0106428823128244	-0.0585262372878414	-0.26982369145062	0.484166570497936	0.426390443309237	0.521260198286304	0.26982369145062	0.78	0.973945945945946	FALSE	TRUE
s__Oribacterium_sinus	1.84606397619625e-10	1.76855618877517e-10	0.348305551334061	0.401137673355766	0.369314173189781	0.445337171995667	0.348305551334061	0.556	0.973945945945946	FALSE	TRUE
s__Streptococcus_sp._Marseille_Q0941	0.212623818620607	0.212623818644103	0.212623818785561	0.32729611849654	0.288529417211849	0.366755061310907	0.212623818785561	0.72	0.973945945945946	FALSE	FALSE
s__Streptococcus_sp._HMSC062D07	-2.8107031215827e-11	-1.19347992637825e-08	-0.529151510645347	0.354129197736564	0.308540313610291	0.41294249105051	0.529151510645347	0.224	0.973945945945946	FALSE	TRUE
s__Aggregatibacter_segnis	0.347681724089762	0.413681806305926	0.413681807241793	0.475592929433594	0.418768647274794	0.596697848849337	0.413681807241793	0.63	0.973945945945946	FALSE	TRUE
s__sp._8	0.201164968968603	0.201164969713673	0.201164969811965	0.337275591693353	0.311334682021892	0.398474679761378	0.201164969811965	0.8	0.973945945945946	FALSE	TRUE
s__Streptococcus_sp._A12	-3.83129783072948e-10	-0.423917323227852	-0.423917323753581	0.404640654490748	0.384494341601435	0.455858147386178	0.423917323753581	0.427	0.973945945945946	FALSE	TRUE
s__Fusobacterium_periodonticum	-5.83388386939515e-09	-0.158473035825392	-0.380726160497337	0.422336431284316	0.376176843339403	0.458120347266406	0.380726160497337	0.497	0.973945945945946	FALSE	TRUE
s__Streptococcus_sp._Marseille_Q4154	6.91613911394491e-11	-0.193970192352069	-0.414207936171623	0.350935625496853	0.321855088523991	0.411779858106809	0.414207936171623	0.385	0.973945945945946	FALSE	TRUE
s__Gemella_morbillorum	1.39852593089536e-08	1.4555799819136e-08	0.0927195846087543	0.425405320037277	0.399402541574027	0.463536389937164	0.0927195846087543	0.976	0.98237908496732	FALSE	FALSE
s__Fusobacterium_nucleatum	-6.5629725748719e-12	-0.277680887863431	-0.3043098742292	0.416061601140584	0.38094308236294	0.532988863908773	0.3043098742292	0.732	0.973945945945946	FALSE	TRUE
s__Streptococcus_intermedius	-2.59534310945149e-09	-0.455584573174951	-0.455584573463143	0.379973181516349	0.346645930606404	0.450680399742995	0.455584573463143	0.367	0.973945945945946	FALSE	TRUE
s__Granulicatella_sp._HMSC30F09	0.431391805672004	0.431391805983494	0.431391806031267	0.360549930473942	0.323367445229196	0.415782447764999	0.431391806031267	0.385	0.973945945945946	FALSE	TRUE
s__Veillonella_sp._CLA_AA_H247	-0.297084261305898	-0.297084261419856	-0.297084261743033	0.387343982490889	0.356587899925081	0.469433299894264	0.297084261743033	0.681	0.973945945945946	FALSE	TRUE
s__Tannerella_serpentiformis	-0.629303615874475	-0.629303616149908	-1.258240211234	0.431390967268376	0.374659871314168	0.468619287927189	1.258240211234	0.01	0.308	FALSE	TRUE
s__Haemophilus_sp._Marseille_Q0026	-2.28698772217811e-11	-1.1538887186058	-1.16364544665306	0.522813442894117	0.451058018020434	0.555556812319622	1.16364544665306	0.044	0.521230769230769	FALSE	TRUE
s__Leptotrichia_sp._oral_taxon_215	-1.05145251209508e-09	-0.307337420783017	-0.476702887765488	0.446400958476892	0.401998067686	0.486225736380117	0.476702887765488	0.406	0.973945945945946	FALSE	FALSE
s__Leptotrichia_sp._oral_taxon_221	-2.85506481851547e-09	-0.178651600582898	-0.178651600962766	0.476206808404154	0.401545657072952	0.530402132437984	0.178651600962766	0.929	0.973945945945946	FALSE	TRUE
s__Actinobaculum_sp._oral_taxon_183	0.0497928972861409	0.563498838875476	0.563498838956788	0.432054522469677	0.383910889988855	0.494352988934831	0.563498838956788	0.315	0.973945945945946	FALSE	TRUE
s__Streptococcus_sp._oral_taxon_061	0.172267689443155	0.172267689449485	0.172267689689375	0.361294825521213	0.316979005528717	0.428989163417409	0.172267689689375	0.853	0.973945945945946	FALSE	TRUE
s__Bifidobacterium_longum	-0.025488877915572	-0.274066967932938	-1.74804933177861	0.430493131704125	0.379836226928353	0.486204716831539	1.74804933177861	0	0	TRUE	FALSE
s__Aggregatibacter_sp._2125159857	1.82536157465321e-10	0.258584787635156	1.16666703125839	0.44913418667414	0.41159850775246	0.537306548195965	1.16666703125839	0.031	0.434	FALSE	TRUE
s__Abiotrophia_defectiva	-0.600493828308854	-0.600493828367647	-0.600493828621293	0.41152901480916	0.388083602060572	0.531485963025079	0.600493828621293	0.315	0.973945945945946	FALSE	TRUE
s__Corynebacterium_durum	-0.0125950906333674	-0.209750861633902	-1.13379230069115	0.462053804986188	0.414429529038771	0.514123519160044	1.13379230069115	0.023	0.393555555555556	FALSE	TRUE
s__Aggregatibacter_sp._oral_taxon_458	5.23571928451516e-11	0.379634883521056	1.36030561889426	0.447541877692571	0.401756825876378	0.522140840461593	1.36030561889426	0.009	0.308	FALSE	TRUE
s__Candidatus_Nanosynbacter_sp._TM7_057	-0.146121940389833	-0.178141527830368	-1.23231463681135	0.381844372080666	0.356093753750122	0.464708044855445	1.23231463681135	0.006	0.308	FALSE	TRUE
s__Lachnoanaerobaculum_orale	0.554907251623521	0.554907251645435	0.655939642180977	0.404012205839466	0.35513031717029	0.451132411882857	0.655939642180977	0.184	0.973945945945946	FALSE	TRUE
s__Bohxovirus_oralis	0.48376001947917	0.637293660354919	0.637293660491007	0.4129182153452	0.371765849354772	0.449624810839205	0.637293660491007	0.171	0.973945945945946	FALSE	TRUE
s__Actinomyces_sp._S6_Spd3	-0.135155114094832	-0.189554344154512	-0.371056955993906	0.379316918419418	0.357340748203455	0.428589586040364	0.371056955993906	0.477	0.973945945945946	FALSE	TRUE
s__Streptococcus_virus_MS1	8.75294198889997e-11	2.9140934863686e-10	0.4139600538334	0.411948208532087	0.349729175769047	0.450479483328113	0.4139600538334	0.433	0.973945945945946	FALSE	TRUE
s__Candidatus_Nanosynbacter_sp._TM7_008	-0.192991824430969	-0.627890076999511	-0.63630916601472	0.389164964014539	0.339230027433355	0.430854102983601	0.63630916601472	0.143	0.973945945945946	FALSE	TRUE
s__Candidatus_Nanosynbacter_sp._TM7_076	-0.169359160912013	-0.169359161569955	-0.308368589741202	0.369856027374453	0.333749255647754	0.419826950825236	0.308368589741202	0.577	0.973945945945946	FALSE	TRUE
s__Actinomyces_sp._oral_taxon_181	2.62963684234965e-10	0.0635205207457722	0.0635205208253149	0.387630236385623	0.382167627381858	0.428265590879791	0.0635205208253149	0.994	0.994	FALSE	TRUE
s__Actinomyces_sp._ph3	-0.225674163261224	-0.225674163301174	-0.225674167696065	0.421928659989845	0.40976904424606	0.451626232891998	0.225674167696065	0.796	0.973945945945946	FALSE	TRUE
s__Candidatus_Nanosynbacter_sp._TM7_087	-0.1378449404138	-0.329144897460044	-0.888189036902578	0.361565383149802	0.332348292483488	0.418736496346775	0.888189036902578	0.038	0.487666666666667	FALSE	FALSE
s__Lachnoanaerobaculum_sp._ICM7	2.74154860664836e-12	-1.77690520936552e-10	-0.24090283779707	0.377813503861974	0.328676541491861	0.410362116001452	0.24090283779707	0.695	0.973945945945946	FALSE	TRUE
s__Candidatus_Nanosynbacter_sp._TM7_075	9.48898464620768e-11	1.34468059126991e-10	0.12845755237698	0.373384332882187	0.335302818240741	0.404658980898971	0.12845755237698	0.932	0.973945945945946	FALSE	FALSE
s__Candidatus_Nanosynbacter_sp._TM7_053	-0.417746066550835	-0.583176090637376	-1.08780976628786	0.368093924214244	0.334858882700707	0.442136865834611	1.08780976628786	0.016	0.385	FALSE	TRUE
s__sp._9	-0.201230050238614	-0.201230050510316	-0.921450346223703	0.379653500409754	0.326724216775299	0.422314498659516	0.921450346223703	0.019	0.385	FALSE	TRUE
s__Dybvigvirus_Av1	-0.193348881305278	-0.47634358024851	-0.67165498105374	0.378569535850912	0.345419160676288	0.47823919054456	0.67165498105374	0.181	0.973945945945946	FALSE	FALSE
s__Cepunavirus_Cp1	-6.46535836550063e-10	4.86856662946126e-09	1.0523774790523	0.37702497251467	0.335051942440062	0.468007313933158	1.0523774790523	0.027	0.4158	FALSE	TRUE
