Feature	lfc_group1g2	lfc_group1g3	lfc_group1g4	se_group1g2	se_group1g3	se_group1g4	W	p_val	q_val	diff_abn	passed_ss
s__Collinsella_aerofaciens	-2.13701960792866e-10	-2.04828283014386e-09	-0.119286435315934	0.350230691670564	0.344190963820337	0.406145412158681	0.119286435315934	0.933	0.974864341085271	FALSE	TRUE
s__Blautia_wexlerae	-0.0987845684081226	-0.26295758122466	-0.522570945733724	0.321261277353484	0.284212596866546	0.366599699308174	0.522570945733724	0.169	0.398862068965517	FALSE	TRUE
s__Faecalibacterium_prausnitzii	-1.03967926632534e-12	4.16547770297345e-09	0.194840042275836	0.271803261747798	0.259212378166959	0.31502960658782	0.194840042275836	0.698	0.849601809954751	FALSE	TRUE
s__Prevotella_copri	0.264665476202986	1.00952602797486	2.3242292166065	0.631218839814718	0.573283577614678	0.637279513056402	2.3242292166065	0	0	TRUE	FALSE
s__Catenibacterium_mitsuokai	1.222718960527	1.85939924355466	1.85939924371696	0.733455086115976	0.642433521076347	0.779224945042715	1.85939924371696	0.016	0.131051282051282	FALSE	FALSE
s__Dorea_longicatena	-1.47739010508649e-10	-0.163311526401065	-0.33549946740941	0.277185011358903	0.246847656336646	0.321808476147371	0.33549946740941	0.357	0.581753012048193	FALSE	TRUE
s__Mediterraneibacter_faecis	-8.45873691668241e-10	-0.143814404071903	-0.239975473989645	0.314343079192699	0.27773926246544	0.341470495036336	0.239975473989645	0.634	0.808274881516588	FALSE	TRUE
s__Fusicatenibacter_saccharivorans	-0.0247474798760605	-0.146728669679895	-0.467028504758294	0.309535352246483	0.283122393336012	0.359400506182026	0.467028504758294	0.226	0.460560606060606	FALSE	TRUE
s__Holdemanella_biformis	0.0770557156790916	0.0770557157850423	0.534690773150836	0.55151872262055	0.463364400796606	0.507136706438638	0.534690773150836	0.363	0.583888235294118	FALSE	TRUE
s__Ruminococcus_bromii	-8.77813292946885e-10	-1.11476991478643e-09	-0.452498719946323	0.47406380884806	0.432309270822187	0.521351677646551	0.452498719946323	0.497	0.691912371134021	FALSE	TRUE
s__sp.	-0.00932614052841556	-0.00932614156105283	-0.0220018950235831	0.219111319615363	0.203344017570526	0.252618487937467	0.0220018950235831	0.998	0.998	FALSE	TRUE
s__Blautia_obeum	-0.0103207605226944	-0.311093324622591	-0.61268922788548	0.291046634947978	0.269168130707878	0.343030792075188	0.61268922788548	0.077	0.246583333333333	FALSE	TRUE
s__Extibacter_muris	-0.555335761706352	-0.555335761720716	-1.07787869231424	0.499093421695793	0.434238721068936	0.591165037869411	1.07787869231424	0.077	0.246583333333333	FALSE	TRUE
s__Gemmiger_formicilis	-5.14005458768812e-11	-0.204033695409753	-0.380650315999755	0.273673703268268	0.26573080825791	0.344060346971911	0.380650315999755	0.303	0.536230263157895	FALSE	TRUE
s__Holdemanella_porci	5.48911464967104e-12	0.0181207687907296	0.370920598116011	0.508799368170199	0.412791782498473	0.518501812853871	0.370920598116011	0.61	0.792705314009662	FALSE	TRUE
s__Bifidobacterium_adolescentis	-2.29311948469129e-08	-2.31518176829842e-08	-2.02008333050895	0.677179884709656	0.652703571180877	0.891779830529846	2.02008333050895	0.037	0.174614035087719	FALSE	FALSE
s__Blautia_massiliensis	-0.0316070323169262	-0.400563834633209	-1.07078785503231	0.353166055583366	0.32484741178934	0.418910608147943	1.07078785503231	0.013	0.112806451612903	FALSE	TRUE
s__Coprococcus_comes	-0.217614533938914	-0.415362484601776	-0.674733753801551	0.262471697768543	0.234110035807881	0.298454098073533	0.674733753801551	0.032	0.16878431372549	FALSE	FALSE
s__Anaerobutyricum_hallii	-0.00438164210089749	-0.247009245854351	-0.636705926344293	0.283789782055437	0.24841550223012	0.33205034196698	0.636705926344293	0.06	0.2152	FALSE	TRUE
s__Anaerostipes_hadrus	-0.282353510548091	-0.462258175961367	-0.846361268123768	0.344489785603623	0.326594154240025	0.389158278614419	0.846361268123768	0.025	0.148808510638298	FALSE	TRUE
s__sp._1	-0.030897040185698	-0.267939532521201	-0.421044907606826	0.224832825312615	0.20395723957209	0.257508158486423	0.421044907606826	0.102	0.282724489795918	FALSE	FALSE
s__Dorea_formicigenerans	2.33066756801977e-11	-0.0526237663134462	-0.151079876351286	0.272629716812505	0.251733486529026	0.305358018159291	0.151079876351286	0.807	0.893345679012346	FALSE	TRUE
s__Roseburia_faecis	-0.337257920784215	-0.337257922231441	-0.729682109545175	0.330551824250763	0.303119772079993	0.395862351136043	0.729682109545175	0.07	0.235375	FALSE	TRUE
s__Subdoligranulum_sp._APC924_74	8.48640089945394e-12	-3.79713136084927e-11	-0.309926677124469	0.40702756633028	0.368655625110009	0.484616688435355	0.309926677124469	0.679	0.846668202764977	FALSE	TRUE
s__Methanobrevibacter_smithii	0.877150410832365	0.877150410882504	0.877150411078561	0.484272524468156	0.470972009213008	0.598933721459974	0.877150411078561	0.179	0.408059322033898	FALSE	TRUE
s__Oliverpabstia_intestinalis	-1.87898576035944e-10	-0.252717204542081	-0.252717208053487	0.390752478784389	0.374890446114251	0.462786509022308	0.252717208053487	0.757	0.882692640692641	FALSE	TRUE
s__Bifidobacterium_longum	-2.04426910193243e-12	-2.83344741469692e-11	-1.09440769789285	0.722704332689744	0.644461170055151	0.760360031666798	1.09440769789285	0.166	0.398696428571429	FALSE	TRUE
s__Phocaeicola_vulgatus	-0.505695197266552	-0.505695197797831	-1.20300041143351	0.510218787379559	0.436816883011701	0.575251206921413	1.20300041143351	0.031	0.16878431372549	FALSE	TRUE
s__sp._2	-0.0406558074762979	-0.336050526610637	-0.477099040195527	0.261927545917916	0.234844515730503	0.295583432771381	0.477099040195527	0.116	0.308950495049505	FALSE	TRUE
s__Mogibacterium_kristiansenii	0.675016782879046	1.87584849188324	3.5543697899581	0.724815033042612	0.615505982521197	0.653305958491174	3.5543697899581	0	0	TRUE	TRUE
s__Cyclospora_cayetanensis	0.0261852408481886	0.0981221968745827	0.09812219700996	0.353954811988369	0.317032952613834	0.404833897332945	0.09812219700996	0.965	0.994578544061303	FALSE	TRUE
s__sp._3	-0.0672926442317621	-0.353186945910307	-0.485672884845837	0.229013677266012	0.21058904689539	0.262589901615363	0.485672884845837	0.063	0.222986842105263	FALSE	FALSE
s__Eubacterium_coprostanoligenes	0.217936917165101	0.217936917505487	0.557539649007991	0.545299254218108	0.519272883179167	0.645272723982225	0.557539649007991	0.487	0.689489473684211	FALSE	FALSE
s__Roseburia_inulinivorans	-0.336266645784124	-0.357698952386375	-0.357698953308069	0.28728348128788	0.273887471061442	0.342516662227004	0.357698953308069	0.359	0.581753012048193	FALSE	TRUE
s__Ruminococcus_torques	-0.163431890085229	-0.410681629118086	-0.578134083006563	0.328399334241841	0.288961025983533	0.349247169595156	0.578134083006563	0.105	0.28530303030303	FALSE	TRUE
s__Ruminococcus_callidus	7.09698749122316e-11	1.99895483381773e-10	0.72984591138469	0.577967289289	0.54232090899225	0.602617927172196	0.72984591138469	0.28	0.524923611111111	FALSE	TRUE
s__Paratractidigestivibacter_faecalis	0.934983830728361	1.80714920870361	1.80714920873111	0.698706148815429	0.604543798367884	0.775510846868349	1.80714920873111	0.019	0.131051282051282	FALSE	FALSE
s__Bifidobacterium_catenulatum	-0.262640799149894	-0.262640799393984	-1.38101269864361	0.680975399875475	0.639998744853841	0.762808067015447	1.38101269864361	0.074	0.242756097560976	FALSE	TRUE
s__Blautia_faecis	-6.25894268246035e-10	-0.658000771077397	-0.893396985156221	0.337193939488881	0.312227681341258	0.38372511667223	0.893396985156221	0.018	0.131051282051282	FALSE	FALSE
s__Blautia_glucerasea	-8.14138806334935e-11	-0.41351533811077	-0.4897421018791	0.289801804299155	0.263326531223953	0.347727663497085	0.4897421018791	0.184	0.410114754098361	FALSE	TRUE
s__Blautia_luti	-1.23948066675176e-10	-0.155658677109007	-0.155658678672605	0.314999560935033	0.282512806696693	0.366915273953942	0.155658678672605	0.858	0.919083333333333	FALSE	TRUE
s__Slackia_isoflavoniconvertens	4.16493577690236e-12	-0.100085887531516	-0.299177125969574	0.437579660776876	0.419458734472593	0.544915277498699	0.299177125969574	0.742	0.875429824561404	FALSE	TRUE
s__Romboutsia_timonensis	-5.53676603289042e-10	-0.0626968678663085	-1.90656886315326	0.577930009093677	0.488237883064771	0.714730234596239	1.90656886315326	0.01	0.1076	FALSE	TRUE
s__Blautia_faecicola	1.56907505740873e-10	-0.494971651903984	-0.494971655011671	0.347225527200591	0.333780763236215	0.431051472399054	0.494971655011671	0.289	0.532472602739726	FALSE	FALSE
s__Bacteroides_uniformis	-0.254090350200363	-0.815833593360131	-1.37395246962963	0.534843388309811	0.47274408204211	0.555930132707711	1.37395246962963	0.019	0.131051282051282	FALSE	TRUE
s__Ruminococcus_gnavus	-0.1701360640047	-0.735583881364995	-1.00292139684707	0.342226104886554	0.322078504804168	0.361121458082109	1.00292139684707	0.003	0.0448333333333333	TRUE	TRUE
s__Anaerobutyricum_soehngenii	-1.96194994896333e-10	-0.291408979242201	-0.291408979320072	0.359955011451556	0.340873341593087	0.411321724106987	0.291408979320072	0.618	0.795416267942584	FALSE	TRUE
s__Oscillibacter_sp._ER4	0.0065333451954372	0.675296150500297	0.675296150522003	0.417127101348526	0.371921702263733	0.503031465760474	0.675296150522003	0.172	0.398862068965517	FALSE	TRUE
s__Prevotella_stercorea	0.49150099099028	1.52753092966404	2.1817922456975	0.569893492028821	0.53521832988051	0.642889197904131	2.1817922456975	0	0	TRUE	TRUE
s__sp._4	-6.35191484170692e-11	-0.00890076757543288	-0.0717240651850883	0.216300935714956	0.199667710395941	0.243792132625873	0.0717240651850883	0.939	0.975254826254826	FALSE	TRUE
s__Prevotella_hominis	0.727089602542482	1.09986110702305	1.12433350974	0.558327526385839	0.537977775573069	0.704258198613973	1.12433350974	0.123	0.321233009708738	FALSE	FALSE
s__Roseburia_intestinalis	-0.259412953781317	-0.4568312167175	-0.807744196265056	0.310116935221918	0.27745263146696	0.322351426251806	0.807744196265056	0.019	0.131051282051282	FALSE	FALSE
s__Ellagibacter_isourolithinifaciens	0.546831490269558	0.844328940270394	0.947789282995442	0.439809630980845	0.383866311656748	0.440902856481396	0.947789282995442	0.035	0.174614035087719	FALSE	FALSE
s__Coprococcus_eutactus	-3.77861128448152e-11	-6.57486568849285e-11	-0.21518483822323	0.368840094876922	0.323697187816323	0.399796311863125	0.21518483822323	0.758	0.882692640692641	FALSE	TRUE
s__Akkermansia_muciniphila	-9.55527174788297e-11	-1.42181084495284	-1.73831719455399	0.702398140706722	0.599339203589071	0.685754291355378	1.73831719455399	0.012	0.111310344827586	FALSE	TRUE
s__Blautia_sp._BIOML_A1	-2.18412949983701e-10	-0.311895187279577	-0.382152953538338	0.457647101013293	0.411603745578693	0.549244441216428	0.382152953538338	0.631	0.808274881516588	FALSE	TRUE
s__Vescimonas_coprocola	0.107154927072003	0.22336865021148	0.389547660596324	0.41913826734776	0.365370343056217	0.443765179052117	0.389547660596324	0.453	0.658686486486487	FALSE	TRUE
s__sp._5	-0.0155969871844938	-0.0627868138263767	-0.127819400022621	0.249428254625517	0.238738355428331	0.302811633435811	0.127819400022621	0.847	0.915032128514056	FALSE	TRUE
s__Eubacterium_ramulus	-0.648541750912643	-0.681289210748513	-0.974610540603494	0.395882880368475	0.37292261493764	0.44948511925099	0.974610540603494	0.031	0.16878431372549	FALSE	TRUE
s__sp._6	1.22142520196734e-10	0.0266812247065096	0.15465089922435	0.240328071934854	0.214659896744654	0.258249310638947	0.15465089922435	0.682	0.846668202764977	FALSE	TRUE
s__Faecalibacterium_sp._HTFF	2.39685206095385e-11	0.0413607771010605	0.408570155381528	0.381122663188347	0.370648299712969	0.489249871376195	0.408570155381528	0.495	0.691912371134021	FALSE	TRUE
s__Coprococcus_catus	-0.14637366192541	-0.327902738511062	-0.663517328000524	0.267120146515732	0.236865405807339	0.297817003662562	0.663517328000524	0.026	0.148808510638298	FALSE	FALSE
s__Evtepia_gabavorous	-0.0948202159924568	-0.171447356257884	-0.171447356448251	0.330132733873251	0.298983832314443	0.368255663953563	0.171447356448251	0.847	0.915032128514056	FALSE	TRUE
s__Dialister_succinatiphilus	8.47500409626096e-10	0.8778838446467	1.86398003725069	0.631501363941421	0.660440042766196	0.798807807619004	1.86398003725069	0.02	0.1345	FALSE	FALSE
s__Blautia_stercoris	-1.02706000311351e-11	-0.300548164597667	-0.334254339998859	0.463887915134511	0.418867689207045	0.541406170684168	0.334254339998859	0.706	0.852431111111111	FALSE	TRUE
s__Lentihominibacter_faecis	7.64414327085811e-13	-0.015831444104365	-0.335207052645979	0.37837600826012	0.352395185061575	0.441737803576999	0.335207052645979	0.558	0.754281407035176	FALSE	TRUE
s__sp._7	-2.53096614259936e-10	-0.253518572196724	-0.380490637085637	0.215109288179768	0.199578225450831	0.24609767642143	0.380490637085637	0.134	0.336878504672897	FALSE	FALSE
s__Parolsenella_catena	4.95975469461732e-10	1.23930914271415	1.23930914342262	0.641296455167468	0.525263730784586	0.69291573464678	1.23930914342262	0.078	0.246847058823529	FALSE	FALSE
s__Senegalimassilia_anaerobia	0.487668512154758	0.572473659462427	0.796861121535446	0.553666088309131	0.480325659308286	0.533113774624245	0.796861121535446	0.142	0.350440366972477	FALSE	FALSE
s__Collinsella_bouchesdurhonensis	0.671952210838381	0.756216341319754	0.756216341519735	0.503077478898593	0.445979261934108	0.590496640583587	0.756216341519735	0.209	0.449768	FALSE	FALSE
s__Escherichia_coli	-1.73909791020984e-09	-0.0209547638283876	-0.392486968836609	0.536355705097565	0.474085840343691	0.561161817449186	0.392486968836609	0.604	0.788718446601942	FALSE	TRUE
s__Lachnospira_eligens	-0.163822131006387	-0.163822131046352	-0.402285263373803	0.311616050042642	0.274924056547087	0.36154306869925	0.402285263373803	0.337	0.56658125	FALSE	TRUE
s__Anthropogastromicrobium_aceti	2.99050840587521e-11	0.00511405049808313	0.189556418402377	0.448166324029887	0.411295623177363	0.530018485810171	0.189556418402377	0.906	0.954109375	FALSE	TRUE
s__Ruminococcus_bicirculans	-1.29321899427553e-09	-1.84391474109468e-09	-0.069417464530854	0.485056196955674	0.425524601298374	0.530847460214244	0.069417464530854	0.994	0.998	FALSE	TRUE
s__Veillonella_parvula	-0.696313778155283	-0.696313778173033	-1.06294250317747	0.454748387463691	0.429550451652906	0.544001025369873	1.06294250317747	0.053	0.212791044776119	FALSE	TRUE
s__Ruminococcus_flavefaciens	0.813972023326409	0.842687750032035	1.03821837055345	0.436281597061074	0.406752517587765	0.48379162034175	1.03821837055345	0.036	0.174614035087719	FALSE	FALSE
s__sp._8	-1.30899936445179e-11	-0.149216818786742	-0.379127618514282	0.234397829672215	0.209784713306735	0.263069369838649	0.379127618514282	0.171	0.398862068965517	FALSE	FALSE
s__Prevotella_sp._885	0.92196780749048	0.921967807674277	0.921967811586741	0.486459236212153	0.465950137607528	0.679605465970496	0.921967811586741	0.182	0.410114754098361	FALSE	FALSE
s__sp._9	0.309686838999173	1.14853482717009	1.30046223098953	0.588608929027111	0.513465725517167	0.594987263198563	1.30046223098953	0.024	0.148808510638298	FALSE	TRUE
s__Phascolarctobacterium_succinatutens	0.774677704503394	1.69360275950981	1.89329940785185	0.615578500155476	0.546732242043187	0.689509717956293	1.89329940785185	0.004	0.0538	FALSE	FALSE
s__Oscillibacter_valericigenes	0.0340070796136002	0.380542292226364	0.425629301029987	0.318787039177162	0.285730936951418	0.362321550868422	0.425629301029987	0.267	0.518647482014388	FALSE	TRUE
s__Lachnoclostridium_sp._210928_DFI_6_3	9.85162685895944e-10	0.121406203988391	0.560655704351421	0.498269240094734	0.451111200165041	0.538053497253805	0.560655704351421	0.352	0.577365853658537	FALSE	TRUE
s__Ruminococcus_lactaris	-0.622537628121931	-0.780496900439429	-1.07046506563255	0.309945453354391	0.300103738143297	0.369288510095483	1.07046506563255	0.003	0.0448333333333333	TRUE	TRUE
s__Ruminococcus_sp._NSJ_71	9.87796075594034e-11	2.99651315588076e-10	0.41045539621886	0.598532801114681	0.570241412450218	0.702109075631877	0.41045539621886	0.783	0.884987394957983	FALSE	TRUE
s__Ruthenibacterium_lactatiformans	-3.09880297613768e-11	-0.129138778918847	-0.129138779857075	0.306825868378912	0.274606775633422	0.32528619139198	0.129138779857075	0.875	0.930335968379447	FALSE	TRUE
s__Butyrivibrio_crossotus	-1.61760069607597e-09	-1.67427960311635e-09	-0.162457232905218	0.490935938766857	0.413414475171633	0.520121636065449	0.162457232905218	0.935	0.974864341085271	FALSE	TRUE
s__sp._10	0.35338553919263	0.362516544299428	0.374910348165722	0.347326429705983	0.327796481360112	0.40120336330669	0.374910348165722	0.446	0.652032608695652	FALSE	TRUE
s__sp._11	-0.09860815845056	-0.0986081587800998	-0.149769816805603	0.256763732526655	0.226996592160231	0.298042942907271	0.149769816805603	0.8	0.892946058091286	FALSE	TRUE
s__Flavonifractor_plautii	-0.341064752923868	-0.341064753563202	-0.63630373008024	0.263500795446258	0.234536018574092	0.280328211438286	0.63630373008024	0.017	0.131051282051282	FALSE	FALSE
s__Prevotellamassilia_timonensis	0.536119945719249	1.78925220315019	1.78925220400074	0.570040541467545	0.539102193842384	0.7244725825391	1.78925220400074	0.013	0.112806451612903	FALSE	TRUE
s__Roseburia_sp._BX1005	-0.0421602508540823	-0.0421602511231241	-0.3441725983332	0.315540945912123	0.295954685218416	0.378332378682001	0.3441725983332	0.446	0.652032608695652	FALSE	TRUE
s__Olsenella_uli	0.470656208649769	1.35947332716521	1.36469406004815	0.55881963858751	0.514553120953606	0.653437905997862	1.36469406004815	0.036	0.174614035087719	FALSE	FALSE
s__Gallintestinimicrobium_propionicum	-0.0361828845196668	-0.0361828845282847	-0.581860551134759	0.408014732785018	0.371110793300835	0.443045347188553	0.581860551134759	0.225	0.460560606060606	FALSE	TRUE
s__Roseburia_hominis	-0.0920847422995664	-0.0920847423591152	-0.1884598643192	0.302755834110505	0.285566542423379	0.346220109233315	0.1884598643192	0.747	0.877480349344978	FALSE	TRUE
s__Ruminococcus_sp._BSD2780120874_150323_B10	-0.488604818031623	-0.488604818446506	-0.782884565834668	0.625726855954459	0.527021199236695	0.684485445221724	0.782884565834668	0.306	0.538	FALSE	TRUE
s__Vescimonas_fastidiosa	4.81759912289195e-10	0.490848708839195	0.490848708917879	0.418621462975396	0.400006104988328	0.490008293485427	0.490848708917879	0.409	0.625119318181818	FALSE	TRUE
s__Faecalicatena_fissicatena	-0.822947891507945	-0.822947905789513	-0.94974625439008	0.429395955395256	0.391813978399774	0.483204759163181	0.94974625439008	0.059	0.214472972972973	FALSE	FALSE
s__Simiaoa_sunii	-0.0419663892504188	-0.160013564953834	-0.160013565277002	0.477163244896762	0.426809151398811	0.578225090463473	0.160013565277002	0.962	0.994578544061303	FALSE	TRUE
s__Ruminococcus_sp._FMBCY1	-0.4900938057972	-0.490093805830093	-0.49009380610575	0.576033197337241	0.497806021083371	0.719416159331831	0.49009380610575	0.644	0.817150943396226	FALSE	TRUE
s__Collinsella_sp._AM34_10	7.79533560160125e-11	0.0275071345555354	0.0362388327028447	0.376757930451053	0.353001372539396	0.414329473064826	0.0362388327028447	0.997	0.998	FALSE	TRUE
s__Senegalimassilia_faecalis	0.906593258066936	1.07893828425927	1.07893828441853	0.540360150060244	0.4575686374478	0.566613913885613	1.07893828441853	0.057	0.212958333333333	FALSE	FALSE
s__Mediterraneibacter_sp._NSJ_151	-0.17489301580734	-0.481777801026391	-0.481777802217538	0.484962053677533	0.444761423803387	0.572534604021095	0.481777802217538	0.516	0.711815384615385	FALSE	TRUE
s__Agathobaculum_butyriciproducens	-6.10009048300328e-11	-3.62685336408826e-10	-0.0386509524402374	0.261307212789728	0.221410636277118	0.273119040541942	0.0386509524402374	0.99	0.998	FALSE	TRUE
s__Anaerotardibacter_sp._CLA_AA_M13	-0.492145471418789	-0.811845286206327	-1.23804174401531	0.492985746940823	0.43458444158351	0.563019045873588	1.23804174401531	0.036	0.174614035087719	FALSE	TRUE
s__sp._12	-0.360687295000161	-0.360687295425135	-0.853276735007401	0.419678767508835	0.351819912176706	0.486297149406457	0.853276735007401	0.085	0.259829545454545	FALSE	TRUE
s__Phascolarctobacterium_sp._Marseille_Q4147	0.306558636747147	1.535258828059	1.53525882806325	0.575213040455818	0.483576856578361	0.645475711649066	1.53525882806325	0.022	0.144341463414634	FALSE	TRUE
s__Eggerthella_lenta	-0.134927421817436	-0.449649416743105	-1.24745728986153	0.368262089322857	0.341276629912991	0.385608001977333	1.24745728986153	0.001	0.0192142857142857	TRUE	TRUE
s__Eubacterium_ventriosum	-4.21959578059293e-11	-0.41524948437222	-0.977794434224688	0.435219440355436	0.349309058664126	0.471727828421699	0.977794434224688	0.037	0.174614035087719	FALSE	TRUE
s__Alistipes_putredinis	-0.659738705148336	-1.67667759089488	-1.8099738571343	0.639130744471396	0.580616734775198	0.687012307903056	1.8099738571343	0.008	0.0978181818181818	FALSE	TRUE
s__sp._13	-0.238605093773699	-0.37517801503539	-0.648820681125289	0.259285848276254	0.237396476518309	0.283886166793499	0.648820681125289	0.023	0.147309523809524	FALSE	FALSE
s__Absicoccus_porci	0.609637724477702	0.765678874452946	1.32228300567745	0.576804229303217	0.502121509319233	0.709865731667121	1.32228300567745	0.072	0.239111111111111	FALSE	TRUE
s__Oscillibacter_sp._MSJ_31	0.179732229742587	0.515745206389879	0.515745206460653	0.399935554802842	0.374869495160551	0.462231260780226	0.515745206460653	0.3	0.536230263157895	FALSE	TRUE
s__Bacteroides_caccae	-0.34737942914402	-0.397345849551113	-1.0674482463846	0.483195383424616	0.443849051937043	0.565008814410404	1.0674482463846	0.054	0.212958333333333	FALSE	FALSE
s__Intestinibacter_bartlettii	-6.81931497091148e-12	-1.08665791525147e-11	-1.07978412355142	0.61571618844892	0.539496946755885	0.678544717101492	1.07978412355142	0.128	0.324830188679245	FALSE	TRUE
s__sp._14	-0.0820942115307021	-0.247152810536398	-0.247152810555828	0.282177429039903	0.262610002542163	0.317065023758492	0.247152810555828	0.602	0.788718446601942	FALSE	TRUE
s__Bacteroides_ovatus	-0.333576685117453	-0.333576685437159	-0.726137473160909	0.439724113805478	0.387111969032812	0.494788260375049	0.726137473160909	0.185	0.410114754098361	FALSE	TRUE
s__Blautia_schinkii	-7.07054286070463e-12	-0.14220535332489	-0.157810806361273	0.359998019212851	0.343562850892114	0.435529155684966	0.157810806361273	0.881	0.933027559055118	FALSE	TRUE
s__Faecalibacillus_intestinalis	-0.521398257289149	-0.521398257604125	-0.859380829343017	0.54974298555736	0.477294673762267	0.5510382626471	0.859380829343017	0.139	0.346212962962963	FALSE	TRUE
s__Holdemanella_sp._MSK_7_32	1.82886697538617e-11	3.14950938499746e-11	0.320519528549902	0.441315521981873	0.380318128813887	0.455006711934784	0.320519528549902	0.617	0.795416267942584	FALSE	TRUE
s__sp._15	-1.17495094627463e-10	-0.165633946543011	-0.330785782173421	0.247268951580734	0.21865092888775	0.280650862717352	0.330785782173421	0.264	0.51836496350365	FALSE	TRUE
s__Pseudoflavonifractor_sp._MSJ_30	0.162142996924369	0.258202553289023	0.433574309039528	0.392706842473393	0.367089045797666	0.450603565815682	0.433574309039528	0.402	0.617931428571429	FALSE	TRUE
s__Blautia_sp._MSK_20_85	-0.485444571424458	-0.485444571776778	-0.485444572147528	0.50670628016948	0.461175791698909	0.563766648675391	0.485444572147528	0.499	0.691912371134021	FALSE	TRUE
s__Bacteroides_fragilis	-0.530208601180503	-0.530208601250367	-0.541015769564622	0.432864010047169	0.358904080930751	0.46073491763735	0.541015769564622	0.278	0.524923611111111	FALSE	TRUE
s__Ruminococcus_sp._AF37_3AC	-0.287578343512553	-0.337250806437313	-0.653588652915575	0.554412516676672	0.510995920663314	0.640949071194531	0.653588652915575	0.365	0.583888235294118	FALSE	TRUE
s__Blautia_sp._MCC270	1.26437627504399e-11	-1.10924713655483e-09	-0.403852980108384	0.361848001011136	0.34108888777276	0.429954078924163	0.403852980108384	0.44	0.65032967032967	FALSE	TRUE
s__Klebsiella_pneumoniae	-0.265550187507416	-0.319471522777006	-0.319471524057998	0.371139086498559	0.359944552441964	0.431011582889067	0.319471524057998	0.598	0.788718446601942	FALSE	TRUE
s__Parabacteroides_merdae	-0.245765227517898	-0.246083466584598	-1.25845377581405	0.514595725500164	0.483014133452289	0.608024047086554	1.25845377581405	0.045	0.192142857142857	FALSE	TRUE
s__Brachyspira_aalborgi	0.517114779871596	1.43017536011138	2.87761038991029	0.536108338376484	0.492067872024167	0.54926372427128	2.87761038991029	0	0	TRUE	FALSE
s__Roseburia_sp._CLA_AA_H209	-0.807909697510364	-0.80790969888388	-1.44531144542167	0.382731663629869	0.35454609622096	0.464866906488189	1.44531144542167	0	0	TRUE	FALSE
s__Desulfovibrio_piger	0.493208143826473	1.64390473493335	2.33617108982926	0.559204637978014	0.502466332898551	0.658190058011915	2.33617108982926	0	0	TRUE	TRUE
s__Bacteroides_stercoris	-0.51993569191171	-0.519935692124365	-0.547453601810128	0.497162166345145	0.474843613846394	0.506342344880511	0.547453601810128	0.341	0.569745341614907	FALSE	TRUE
s__Blautia_sp._OF03_15BH	0.213026168557717	0.213026168691261	0.213026168818242	0.298425867437603	0.286345565268523	0.359034107306819	0.213026168818242	0.732	0.868621145374449	FALSE	TRUE
s__Kineothrix_sp._MSJ_39	-0.236058520942946	-0.236058520852595	-0.539690459819655	0.399901091267047	0.380584088435305	0.43852067496273	0.539690459819655	0.268	0.518647482014388	FALSE	TRUE
s__Ruminococcus_sp._Marseille_P6503	0.34645660109341	0.346456601155303	0.585061420381551	0.513381788005532	0.486898941515102	0.581206844209861	0.585061420381551	0.389	0.604861271676301	FALSE	TRUE
s__Ruminococcus_sp._M6_2020	0.217822083680805	0.285167445249111	0.591134531457974	0.44364880606685	0.402300814831204	0.52385092503359	0.591134531457974	0.317	0.544853503184713	FALSE	TRUE
s__Blautia_sp._MSK20_18	-0.163455557392375	-0.500251349563022	-0.75672321075117	0.406109222404874	0.370410367443928	0.448668550230506	0.75672321075117	0.099	0.282724489795918	FALSE	TRUE
s__Blautia_sp._MCC283	1.82405623994948e-10	0.0828273579514188	0.378974046407883	0.443753011877427	0.415077283450565	0.504771725827403	0.378974046407883	0.565	0.759925	FALSE	TRUE
s__Collinsella_sp._TF05_9AC	-0.131089794113216	-0.216139839228544	-0.335280196739036	0.346082115879319	0.319952991364555	0.392643541887032	0.335280196739036	0.48	0.683174603174603	FALSE	TRUE
s__Mitsuokella_jalaludinii	-8.36656752912292e-10	-9.70588222162975e-10	-0.407466931597607	0.529516152713536	0.522844748623333	0.665407503754889	0.407466931597607	0.708	0.852431111111111	FALSE	TRUE
s__Pseudoflavonifractor_phocaeensis	3.79638373809588e-11	0.0608111802695616	0.0608111805146909	0.331915344620327	0.293286785792182	0.362947702801203	0.0608111805146909	0.986	0.998	FALSE	TRUE
s__sp._16	0.0497661772312182	0.844987734292195	1.36273089109684	0.476379616863077	0.428017999585305	0.533605852223108	1.36273089109684	0.011	0.109592592592593	FALSE	TRUE
s__Faecalibacterium_sp._Marseille_Q4896	-0.584823624283364	-0.584823624552559	-0.584823626830415	0.440375573316951	0.382046737519592	0.46605529192595	0.584823626830415	0.243	0.491481203007519	FALSE	TRUE
s__sp._17	-0.152672015626591	-0.152672015700423	-0.152672016247111	0.321058500697043	0.247159508807969	0.320310700816222	0.152672016247111	0.826	0.903227642276423	FALSE	TRUE
s__Brotomerdimonas_butyrica	0.249945776025153	0.249945776128063	0.249945776632502	0.425324698931207	0.38973379853333	0.479879165330182	0.249945776632502	0.8	0.892946058091286	FALSE	TRUE
s__Clostridium_sp._1001271B_151109_B4	0.969754889187783	0.969754889213989	1.24214307489723	0.527608246225387	0.505272938038938	0.645639198299612	1.24214307489723	0.059	0.214472972972973	FALSE	TRUE
s__Adlercreutzia_equolifaciens	-0.897929993214135	-0.996962781104737	-0.996962781113172	0.532024502028637	0.470013954659305	0.571028593867284	0.996962781113172	0.09	0.269	FALSE	TRUE
s__Methanosphaera_stadtmanae	2.0966560046858e-11	-1.53281553507336e-09	-1.45199590803078	0.419228890024248	0.370918316160746	0.452769730231011	1.45199590803078	0	0	TRUE	FALSE
s__Blautia_sp._MSJ_36	1.82667794001851e-10	2.31966591901084e-10	0.395289191072506	0.391463684794409	0.337434951595364	0.430474938673758	0.395289191072506	0.459	0.663822580645161	FALSE	TRUE
s__Bacteroides_thetaiotaomicron	-0.374294102038853	-0.531383986886626	-0.899438992599246	0.456213589736922	0.393050815256793	0.569953981605361	0.899438992599246	0.12	0.316470588235294	FALSE	TRUE
s__Blautia_sp._Marseille_P3087	0.235811771248378	0.235811771335367	0.235811771481736	0.387846383456106	0.363840617926901	0.442217342387977	0.235811771481736	0.782	0.884987394957983	FALSE	TRUE
s__Megasphaera_elsdenii	5.71091538135597e-11	0.926095470530167	0.926095470660618	0.533913273879688	0.515234575856079	0.609449024479391	0.926095470660618	0.147	0.359481818181818	FALSE	TRUE
s__Ruminococcus_sp._210702_SL_1_03	-3.22210676287299e-11	-5.63071975303849e-11	-0.179032299820388	0.459294863928566	0.400869334874003	0.518353513687792	0.179032299820388	0.908	0.954109375	FALSE	TRUE
s__Parabacteroides_distasonis	-0.235084022784238	-0.495724224014391	-0.495724225597121	0.480998883789559	0.432074819332894	0.544061399367883	0.495724225597121	0.432	0.65032967032967	FALSE	TRUE
s__Clostridium_sp._BIOML_A1	1.2608461991176e-10	0.262384063281355	0.262384063901018	0.506760656914251	0.481053439852036	0.582452177390967	0.262384063901018	0.841	0.915032128514056	FALSE	TRUE
s__Fusicatenibacter_sp._CLA_AA_H277	-0.0127893177280457	-0.201120783825714	-0.384107054356319	0.314731949358275	0.298269244512577	0.364192807562544	0.384107054356319	0.35	0.577365853658537	FALSE	TRUE
s__Faecalibacillus_faecis	-0.514519496332647	-0.761126299710757	-0.882365628342895	0.550512032579858	0.531415591024893	0.665548179086882	0.882365628342895	0.208	0.449768	FALSE	TRUE
s__Anaeromassilibacillus_sp._An200	-0.177189580337928	-0.464933389867837	-0.495387978379637	0.43894703985614	0.410649874818027	0.462009454634526	0.495387978379637	0.327	0.55322641509434	FALSE	TRUE
s__Blautia_hansenii	-5.14818197396766e-11	-0.602138771495896	-0.958289642373666	0.382220471241391	0.363584843695759	0.39831286524206	0.958289642373666	0.017	0.131051282051282	FALSE	TRUE
s__Bifidobacterium_pseudocatenulatum	-8.35928254365381e-11	-1.3078342346698e-10	-0.917747892212375	0.548593198910262	0.495529200861517	0.6065869925339	0.917747892212375	0.127	0.324830188679245	FALSE	TRUE
s__Dorea_sp._AF36_15AT	-5.9119940659622e-10	-1.26790730388425e-09	-0.211046007580062	0.437488497179151	0.367898270337876	0.435722982213437	0.211046007580062	0.8	0.892946058091286	FALSE	TRUE
s__Paraprevotella_clara	0.0197686869924442	0.0197686871631454	0.354890907415056	0.561015482162282	0.496806762380086	0.664284525903477	0.354890907415056	0.769	0.883693617021277	FALSE	TRUE
s__Phocaeicola_massiliensis	-0.542155072598759	-0.542155072673156	-0.979413712542999	0.493590296619666	0.452200280958863	0.589046459153912	0.979413712542999	0.101	0.282724489795918	FALSE	TRUE
s__Blautia_sp._MSJ_19	-2.33039455034343e-10	-0.0193375929704091	-0.0517453268956039	0.331605119289589	0.287785045616246	0.375196900988394	0.0517453268956039	0.991	0.998	FALSE	TRUE
s__Clostridium_saudiense	0.848223841927218	0.848223842221496	0.848223842342776	0.539815071552337	0.486521768405171	0.619670595832541	0.848223842342776	0.186	0.410114754098361	FALSE	TRUE
s__Roseburia_sp._CLA_AA_H204	-0.342145293517849	-0.342145293582267	-0.956354980645295	0.4472931504089	0.414086062720052	0.549679078725965	0.956354980645295	0.08	0.250232558139535	FALSE	TRUE
s__Clostridium_sp._D43t1_170807_D5	0.656064360792475	1.63919758826076	2.22407836792893	0.510563052040869	0.480435459994886	0.6088643605298	2.22407836792893	0	0	TRUE	FALSE
s__Faecalibacterium_sp._CLA_AA_H233	1.39729366727039e-10	0.450700734977393	0.908571423042004	0.407727794795008	0.347649781362644	0.480041794005007	0.908571423042004	0.056	0.212958333333333	FALSE	TRUE
s__Bacteroides_xylanisolvens	-0.0371953464910068	-0.176642977988036	-0.734289936287213	0.437382664853436	0.41263793305069	0.506539850873811	0.734289936287213	0.157	0.380477477477478	FALSE	FALSE
s__Waltera_intestinalis	-0.141400276919061	-0.141400276959037	-0.141400277155427	0.511940975868401	0.428358120508186	0.582582421760813	0.141400277155427	0.973	0.998	FALSE	TRUE
s__Faecalibacterium_sp._I3389	0.141601111553135	0.172934015739117	0.616292333311388	0.33910775073871	0.317060953268008	0.442238515537397	0.616292333311388	0.178	0.408059322033898	FALSE	TRUE
s__Oscillibacter_sp._MCC667	-1.43721858847823e-10	-1.79217532577579e-10	-0.18183318680849	0.354724095279246	0.300346124117559	0.415224054370319	0.18183318680849	0.852	0.916752	FALSE	TRUE
s__Dorea_sp._AM58_8	-5.62640049924035e-10	-0.0025615581772422	-0.187886626216698	0.341583157078824	0.309210631402346	0.352548594512814	0.187886626216698	0.768	0.883693617021277	FALSE	TRUE
s__Eubacterium_sp._AF22_8LB	0.54422919812529	0.544229198148809	0.653156433394418	0.474947125488048	0.40023798651898	0.492553762161917	0.653156433394418	0.215	0.450418604651163	FALSE	FALSE
s__Faecalibacterium_sp._AF27_11BH	-0.430613956812187	-0.430613956835177	-0.430613956944716	0.396268241624038	0.368300406299279	0.482749530658021	0.430613956944716	0.47	0.676096256684492	FALSE	TRUE
s__Porcipelethomonas_ammoniilytica	4.52752148123842e-08	0.158849243091742	0.310582968960787	0.486194885130065	0.450438426899654	0.534442963888632	0.310582968960787	0.711	0.852431111111111	FALSE	TRUE
s__Solobacterium_moorei	0.640612886359856	0.779171613157544	0.779171613472543	0.517600205126224	0.497870963580508	0.622207634593967	0.779171613472543	0.254	0.506118518518519	FALSE	TRUE
s__Succinivibrio_dextrinosolvens	2.25029152289115e-10	1.02626424666117	2.61239067165185	0.448665161604092	0.448924184276794	0.54144480573716	2.61239067165185	0	0	TRUE	FALSE
s__Streptococcus_salivarius	-0.0884019066044691	-1.23819539247626	-1.66198530774616	0.570113808392795	0.514017041223952	0.639139747090254	1.66198530774616	0.004	0.0538	FALSE	TRUE
s__sp._18	-8.08389696175712e-12	-0.00103628574023834	-0.159426317608857	0.260164532201221	0.243250120731831	0.286752771774179	0.159426317608857	0.772	0.883693617021277	FALSE	TRUE
s__Dorea_phocaeensis	-0.560861236964027	-0.723305367682222	-0.972749201629374	0.541004181503738	0.46473266904993	0.553567281673128	0.972749201629374	0.095	0.280824175824176	FALSE	TRUE
s__sp._19	0.301443197545065	0.350611618928337	0.353767634879101	0.261882322497506	0.243653063391847	0.299262344181946	0.353767634879101	0.277	0.524923611111111	FALSE	TRUE
s__sp._20	0.042648271762409	0.165221255418739	0.165221256334583	0.245784317563133	0.227559478569396	0.261257568384921	0.165221256334583	0.687	0.84735	FALSE	TRUE
s__Butyricicoccus_faecihominis	-0.0840873541120994	-0.0840873543479709	-0.261783898494971	0.334387721385179	0.29036273852617	0.340453042708531	0.261783898494971	0.554	0.752656565656566	FALSE	TRUE
s__Prevotella_sp._Marseille_P4119	0.508502660224549	1.13845867622531	1.3606879530077	0.445768206924723	0.42218139426791	0.542951266905079	1.3606879530077	0.019	0.131051282051282	FALSE	FALSE
s__Clostridium_sp._D43t1_170807_H7	0.706014434726377	0.706014434678097	0.706014435586616	0.487271260435372	0.459348145739527	0.611284523397102	0.706014435586616	0.302	0.536230263157895	FALSE	TRUE
s__Clostridium_sp._AF15_31	-3.02928892671732e-11	7.21713600779116e-10	0.588578121428013	0.442176141434957	0.413594711550202	0.570533446225447	0.588578121428013	0.349	0.577365853658537	FALSE	TRUE
s__Butyricicoccus_sp._BIOML_A1	-0.45728703369812	-0.457287034091307	-0.457287034138908	0.410976501100962	0.347512217336944	0.416303623524219	0.457287034138908	0.325	0.55322641509434	FALSE	TRUE
s__Brotolimicola_acetigignens	-0.303952373151806	-0.304113873020938	-0.304113873042959	0.445984506822002	0.386042412385007	0.488030267641989	0.304113873042959	0.693	0.84735	FALSE	TRUE
s__Chuhaivirus_simiae	1.24518745710678	1.24518745722141	1.45460729013421	0.365338934982761	0.333833433428229	0.442262465774473	1.45460729013421	0.002	0.0358666666666667	TRUE	FALSE
s__Waltera_sp._CLA_AA_H273	-0.283156636501885	-0.337102936228204	-0.337102936580865	0.439908581112916	0.363896894093153	0.459684785859235	0.337102936580865	0.581	0.773707920792079	FALSE	TRUE
s__sp._21	-0.146915463979991	-0.146915463991405	-0.388464806331418	0.275906071036902	0.254230146272581	0.307917060083982	0.388464806331418	0.257	0.508330882352941	FALSE	TRUE
s__Prevotella_pectinovora	0.469492444001462	0.667117845271654	1.02613011594282	0.424250840912599	0.415586338581981	0.51732853392228	1.02613011594282	0.052	0.212791044776119	FALSE	FALSE
s__Clostridium_perfringens	4.17499735195706e-10	2.52041083196239e-10	0.394468579323719	0.409565725115506	0.386912910978064	0.496872187550398	0.394468579323719	0.538	0.738377551020408	FALSE	TRUE
s__Yeguia_hominis	0.0333807076296744	0.38204053232879	0.382040532665942	0.345464326408587	0.308319963011413	0.394858554735361	0.382040532665942	0.389	0.604861271676301	FALSE	TRUE
s__Alistipes_shahii	-0.682305338329226	-1.3141789764537	-1.86179969379213	0.50542266545201	0.477979993815046	0.581805346703242	1.86179969379213	0	0	TRUE	TRUE
s__Mediterraneibacter_glycyrrhizinilyticus	-1.92523942499547e-10	-0.27366377136304	-0.855284447803301	0.3218235261881	0.276564838968832	0.31252175182785	0.855284447803301	0.01	0.1076	FALSE	FALSE
s__Faecalibacillus_sp._MSK20_93	-0.676810075067312	-0.676810075308586	-1.1814646334859	0.567586733973801	0.505794693868427	0.621131113134946	1.1814646334859	0.057	0.212958333333333	FALSE	FALSE
s__Phascolarctobacterium_faecium	-0.852329324655372	-1.17593748837896	-1.8123093807387	0.578357044932755	0.540609126066878	0.574303642534464	1.8123093807387	0.003	0.0448333333333333	TRUE	TRUE
s__Alistipes_onderdonkii	-0.190974160906733	-1.01707611600906	-1.85125825490299	0.485432527162599	0.448525184854809	0.566010076534207	1.85125825490299	0.001	0.0192142857142857	TRUE	FALSE
s__sp._22	0.177846766445332	0.265266862979284	0.265266863007882	0.362630258437743	0.352961518293301	0.402116381537044	0.265266863007882	0.713	0.852431111111111	FALSE	TRUE
s__Schaalia_turicensis	0.0800214911789504	1.50417640365789	2.4712996936501	0.389586535718866	0.392199498806331	0.615475868203224	2.4712996936501	0	0	TRUE	FALSE
s__Clostridium_spiroforme	-0.101335712153978	-1.04566125840225	-1.69615146138022	0.558630444450587	0.508976421520535	0.619116824817504	1.69615146138022	0.005	0.064047619047619	FALSE	TRUE
s__Clostridium_sp._AF36_4	-2.24282404391292e-11	-0.247184771710727	-1.24067548830107	0.531469982409585	0.494671608167624	0.603238598421903	1.24067548830107	0.043	0.186564516129032	FALSE	TRUE
s__Dysosmobacter_sp._BX15	0.350252650364652	0.432468090090587	0.43246809024744	0.333450608982203	0.318598425930637	0.421613665884281	0.43246809024744	0.369	0.583888235294118	FALSE	FALSE
s__Clostridium_sp._L2_50	0.261665982917303	0.268278275285312	0.497770547403501	0.530123550269866	0.483544701014679	0.645219427328996	0.497770547403501	0.569	0.761497512437811	FALSE	TRUE
s__sp._23	-0.429585526052389	-0.429585526361847	-0.914985202496075	0.429485156139575	0.400266254754647	0.529125657251496	0.914985202496075	0.089	0.269	FALSE	FALSE
s__Clostridium_sp._AF37_5	-1.02748498878144e-09	-2.11465493190979e-09	-0.74585518769252	0.55324232327254	0.48166353506371	0.585860238498459	0.74585518769252	0.247	0.49584328358209	FALSE	TRUE
s__Negativibacillus_massiliensis	3.60885002018112e-11	7.2777243723561e-10	0.587538520186543	0.473505429094638	0.446919354152883	0.531990417059249	0.587538520186543	0.316	0.544853503184713	FALSE	FALSE
s__Intestinimonas_butyriciproducens	4.14456605045414e-10	0.128615803896821	0.128615812780211	0.287116730620458	0.247867815850728	0.316176095860846	0.128615812780211	0.861	0.919083333333333	FALSE	TRUE
s__Anaerotignum_faecicola	5.60595622607585e-11	0.0288303239398399	0.447726211555288	0.393211570530778	0.367971907775697	0.471063966246092	0.447726211555288	0.435	0.65032967032967	FALSE	TRUE
s__Clostridium_sp._AF15_41	-0.16638422700302	-0.248830273892067	-0.406773240286626	0.502460313129185	0.48347543883501	0.627274962502809	0.406773240286626	0.679	0.846668202764977	FALSE	TRUE
s__Clostridium_sp._1001270H_150608_G6	0.357685019226191	1.21731326358047	1.21731326366938	0.470496370169323	0.448175276603006	0.610481054776354	1.21731326366938	0.053	0.212791044776119	FALSE	TRUE
s__Clostridium_sp._AM42_36	0.391572624834931	0.88997788312086	0.978209396469817	0.455011415941893	0.422080666564014	0.547235152162308	0.978209396469817	0.068	0.234512820512821	FALSE	FALSE
s__Clostridium_sp._AM49_4BH	2.99952735192375e-11	-7.89612626361691e-11	-0.342796028148222	0.423056807822594	0.38932725363716	0.48665582949919	0.342796028148222	0.604	0.788718446601942	FALSE	TRUE
s__sp._24	-0.527040413444174	-0.741619132220778	-1.02873876961391	0.413231585421886	0.386455974047398	0.525734752008035	1.02873876961391	0.047	0.197546875	FALSE	TRUE
s__Blautia_ammoniilytica	-2.23663307548158e-11	-0.213022193205008	-0.627012068322749	0.358806571841038	0.321614197146605	0.379395941527343	0.627012068322749	0.101	0.282724489795918	FALSE	TRUE
s__Barnesiella_intestinihominis	-0.872280297840143	-1.07638695890331	-1.21992130754814	0.504124643252902	0.452845778476835	0.566281182786386	1.21992130754814	0.026	0.148808510638298	FALSE	TRUE
s__Collinsella_tanakaei	4.93220211062636e-10	0.182431505220497	0.438972645587331	0.396790636927098	0.390666362790326	0.502009005999938	0.438972645587331	0.491	0.691513089005236	FALSE	TRUE
s__Phocea_massiliensis	-0.072526738749845	-0.307611464131883	-0.401760019645302	0.370392960534519	0.325150995325054	0.405666853276825	0.401760019645302	0.439	0.65032967032967	FALSE	TRUE
s__Intestinimonas_sp._MSJ_38	2.53237255348429e-10	0.44921649923378	0.465238485599833	0.346103829525761	0.318627094068291	0.415996467632385	0.465238485599833	0.302	0.536230263157895	FALSE	TRUE
s__Clostridium_sp._1001270J_160509_D11	-5.28691786959726e-13	-4.09041910650827e-11	-0.977019992141048	0.491322947332459	0.470565256013877	0.554973692154508	0.977019992141048	0.083	0.256632183908046	FALSE	TRUE
s__Dysosmobacter_welbionis	-0.157607413110672	-0.15760741315093	-0.534912640659442	0.351926318979427	0.319438843720074	0.403145950352029	0.534912640659442	0.197	0.430837398373984	FALSE	TRUE
s__Ruminococcus_champanellensis	0.251502231658616	0.251502232192282	0.251502232413859	0.360328036519407	0.358547840877894	0.458916204931539	0.251502232413859	0.764	0.883693617021277	FALSE	TRUE
s__Suilimivivens_aceti	-0.0300215689909545	-0.0300215690146808	-0.20124728913102	0.309874722497796	0.29571825067599	0.357457311644259	0.20124728913102	0.733	0.868621145374449	FALSE	TRUE
s__Pseudoflavonifractor_capillosus	0.162688614498375	0.162688614546868	0.162688614727351	0.307549961860888	0.27658968367561	0.321382654461385	0.162688614727351	0.779	0.884987394957983	FALSE	TRUE
s__Clostridium_sp._AF43_10	0.565473043410481	0.565473043639601	0.673478705824095	0.430861476751098	0.417401135173371	0.567598260261115	0.673478705824095	0.281	0.524923611111111	FALSE	FALSE
s__sp._25	-0.128385545684669	-0.128385545795397	-0.128385545926684	0.256264407022536	0.233246279010877	0.276990076479496	0.128385545926684	0.824	0.903227642276423	FALSE	TRUE
s__Faecalibacillus_sp._H12	-1.7914804847498e-09	-0.61707500314712	-0.617075003299238	0.515465634062194	0.48092479204452	0.582243665642969	0.617075003299238	0.367	0.583888235294118	FALSE	TRUE
s__Ruminococcus_sp._NSJ_13	-0.0393361923247091	-0.454474060794176	-0.580803460635859	0.387662970639444	0.363737154492536	0.50405116568253	0.580803460635859	0.303	0.536230263157895	FALSE	TRUE
s__Turicibacter_sanguinis	-2.42486220402409e-10	-4.33461076214352e-10	-1.37489351200432	0.476364271027884	0.448391984705624	0.517992496805907	1.37489351200432	0.012	0.111310344827586	FALSE	TRUE
s__Jingyaoa_shaoxingensis	-1.47093060123204e-10	-0.312044652515739	-0.312044652684409	0.301623392811144	0.277660327825957	0.341223186431098	0.312044652684409	0.437	0.65032967032967	FALSE	TRUE
s__Dorea_ammoniilytica	-0.16330810952773	-0.353630459704447	-0.633366676101146	0.350682654743497	0.300689368217198	0.376468214789173	0.633366676101146	0.097	0.282724489795918	FALSE	TRUE
s__sp._26	-0.0399976082614044	-0.315317837948219	-0.385350473133101	0.344276770696753	0.316739634830191	0.43489772536288	0.385350473133101	0.473	0.676792553191489	FALSE	TRUE
s__Clostridium_sp._OM08_29	0.794336558871643	0.794336558998262	0.924610448155485	0.459251680272545	0.43696652237567	0.570806092558801	0.924610448155485	0.103	0.282724489795918	FALSE	TRUE
s__Terrisporobacter_mayombei	1.93864050297135e-11	0.22386225468195	0.223862254708961	0.444681734626018	0.409975104048622	0.466736728507458	0.223862254708961	0.806	0.893345679012346	FALSE	TRUE
s__sp._27	-0.196606846062721	-0.308145955345893	-0.807047229345638	0.37395248301004	0.334021263622177	0.403783564809406	0.807047229345638	0.043	0.186564516129032	FALSE	TRUE
s__Succinivibrio_sp._AGMB01872	-5.03241919268188e-10	0.0658272907132316	0.931426901297521	0.371377986122345	0.378657767507952	0.503989480426482	0.931426901297521	0.069	0.234949367088608	FALSE	FALSE
s__Clostridium_sp._AF23_8	0.123837429727974	0.902927864969959	1.39335820001925	0.464861091821627	0.43701666897332	0.523440323939632	1.39335820001925	0.01	0.1076	FALSE	TRUE
s__Mediterraneibacter_butyricigenes	1.58806734713504e-12	-0.207693283252563	-0.207693283310587	0.297994538802771	0.28247611864896	0.340599623205207	0.207693283310587	0.683	0.846668202764977	FALSE	TRUE
s__Oribacterium_sp._oral_taxon_102	0.0799448903050052	0.727159214344752	0.892937709024806	0.394694294702972	0.401786725281331	0.491540725971588	0.892937709024806	0.067	0.234064935064935	FALSE	TRUE
s__sp._28	-0.148345041596079	-0.738671548251091	-1.05712615700975	0.420945642817907	0.386989417665164	0.535957023287123	1.05712615700975	0.055	0.212958333333333	FALSE	TRUE
s__Dorea_sp._AF24_7LB	-0.164467225722281	-0.423045541218002	-0.463459338194522	0.42753883065697	0.383536983514291	0.505793526719103	0.463459338194522	0.435	0.65032967032967	FALSE	TRUE
s__sp._29	-1.8416630606291e-10	-0.314591740292426	-0.63711230495028	0.479378249845081	0.414762703911153	0.492731604403005	0.63711230495028	0.211	0.450418604651163	FALSE	TRUE
s__Dorea_sp._OM07_5	-0.417067293206261	-0.615927692614877	-0.615927692834407	0.450981357983837	0.396050740690094	0.535090015279923	0.615927692834407	0.318	0.544853503184713	FALSE	TRUE
s__Desulfovibrio_sp._An276	-2.10046614058234e-10	-0.763773995012194	-0.763773995305238	0.467012705632714	0.409768350328357	0.544416638841128	0.763773995305238	0.17	0.398862068965517	FALSE	TRUE
s__Alistipes_communis	-0.704783027097257	-0.809237261633172	-1.09658488608414	0.458942074180935	0.394541360156099	0.526945643280366	1.09658488608414	0.038	0.17485	FALSE	TRUE
s__Alistipes_indistinctus	-7.26300171044508e-12	-1.84378991210954e-10	0.543733211603098	0.473015552597121	0.403270427070291	0.488551935002375	0.543733211603098	0.303	0.536230263157895	FALSE	TRUE
s__Dorea_sp._AM10_31	-0.191387510675474	-0.420341762289894	-0.420341762400992	0.463300461646182	0.413581863121745	0.557985542835819	0.420341762400992	0.554	0.752656565656566	FALSE	TRUE
s__Streptococcus_parasanguinis	-0.419677598770906	-1.18828515677521	-2.33920768375365	0.52840824598047	0.487538031462252	0.562397618620626	2.33920768375365	0	0	TRUE	FALSE
s__Agathobaculum_sp._M2	1.96312598572236e-11	3.27026604828251e-11	-0.205016903343569	0.355810860194457	0.324984278851556	0.417624164282448	0.205016903343569	0.812	0.895196721311476	FALSE	TRUE
s__Streptococcus_thermophilus	-0.54956172318724	-0.585623409108785	-1.22795969250883	0.503149618402995	0.461354991077406	0.572257111294172	1.22795969250883	0.039	0.17485	FALSE	TRUE
s__Alistipes_ihumii	2.59711932793572e-11	-0.171279209629513	-0.553676017409268	0.448387388505958	0.439969802585272	0.534583963850643	0.553676017409268	0.373	0.586766081871345	FALSE	FALSE
s__Qingrenia_yutianensis	0.123502348891558	0.123502348907995	0.764600941640867	0.38170735590267	0.350755086348223	0.491251582357115	0.764600941640867	0.125	0.323317307692308	FALSE	TRUE
s__Parolsenella_massiliensis	0.176562208151496	0.855558424103748	1.05270990645005	0.447661093663769	0.410807793217614	0.502699038565621	1.05270990645005	0.039	0.17485	FALSE	FALSE
s__Allisonella_histaminiformans	-0.640477928121647	-0.640477928131977	-0.640477928433572	0.422747261698616	0.4062173069983	0.579688431972559	0.640477928433572	0.314	0.544853503184713	FALSE	FALSE
s__Dorea_sp._NSJ_36	-0.517987800201272	-0.707657366922498	-0.707657367037477	0.43504994819976	0.395253081182689	0.517457925494878	0.707657367037477	0.214	0.450418604651163	FALSE	FALSE
s__sp._30	-7.51299049665292e-10	-0.3730065866358	-0.523769308266195	0.361268987386068	0.354813478047619	0.450606755140466	0.523769308266195	0.284	0.526868965517241	FALSE	TRUE
s__Prevotella_sp._P4_67	0.62026562021603	0.620265620252177	0.667558232933318	0.408984970677477	0.394404368043474	0.510173487798494	0.667558232933318	0.22	0.455230769230769	FALSE	FALSE
s__Prevotella_sp._P5_64	0.141473395644347	0.992457330718706	1.11870593190731	0.403321462312176	0.4030409460219	0.513852985165707	1.11870593190731	0.026	0.148808510638298	FALSE	FALSE
s__Dorea_sp._AM13_35	-0.161146415233965	-0.542631841151472	-0.542631841154291	0.473027144096841	0.418195084241032	0.537592423248331	0.542631841154291	0.392	0.606022988505747	FALSE	TRUE
s__Schaalia_odontolytica	-2.05907160931254e-11	-0.442365114200417	-0.681181950494958	0.485757015909664	0.41802250660205	0.533393717225224	0.681181950494958	0.216	0.450418604651163	FALSE	TRUE
s__Terrisporobacter_glycolicus	-0.0672886139690816	-0.0672886141153213	-0.620710094242718	0.454810758347497	0.418890118019454	0.524865130424588	0.620710094242718	0.276	0.524923611111111	FALSE	TRUE
s__Prevotella_sp._P4_51	1.20710445288036e-12	0.297707901213531	0.297707901490867	0.386840926385204	0.359629936299463	0.50878199911196	0.297707901490867	0.692	0.84735	FALSE	FALSE
s__sp._31	-1.82117188542021e-11	-1.73773228656e-10	-1.33468699496558	0.44873560162221	0.41762093463454	0.525317724458662	1.33468699496558	0.011	0.109592592592593	FALSE	TRUE
s__Bilophila_wadsworthia	-0.497739472283689	-0.497739472663106	-0.886202506962805	0.425008442830454	0.410850491076145	0.542111335123142	0.886202506962805	0.107	0.28783	FALSE	TRUE
s__Prevotella_sp._P5_108	7.90009782301907e-11	0.351290153593109	0.351290153690693	0.380235978450252	0.369919406061998	0.551477089997075	0.351290153690693	0.68	0.846668202764977	FALSE	FALSE
s__Bacteriophage_sp.	0.0582607124819819	0.0802790219640163	0.096883676019495	0.424363959217902	0.366460344767754	0.452360922622764	0.096883676019495	0.986	0.998	FALSE	TRUE
s__Phage_FAKO27_000271F	3.06454181195739e-10	4.79059299781011e-11	-0.886570200790482	0.383025379046123	0.331780138070427	0.438145665895584	0.886570200790482	0.032	0.16878431372549	FALSE	TRUE
s__sp._32	0.296767596700626	0.7525985760642	0.752598576543278	0.367139989010495	0.340401163665134	0.461905254068274	0.752598576543278	0.098	0.282724489795918	FALSE	TRUE
